country	ccode	year	DistrictMagnitude	PR	ExternalLaborOpenness	GDPPCln	FarRight	Democracy	Parliamentary	LeftExecutive	RightExecutive	Inflows	Population
"USA"	2.0	1996	1.0	0	-1.0	10.26717	0	10.0	0.0	1.0	0.0	915.56	269393.97
"USA"	2.0	1997	1.0	0	-1.0	10.318296	0	10.0	0.0	1.0	0.0	797.847	272657.0
"USA"	2.0	1998	1.0	0	0.0	10.363664	0	10.0	0.0	1.0	0.0	653.206	275854.03
"USA"	2.0	1999	1.0	0	1.0	10.414277	0	10.0	0.0	1.0	0.0	644.787	279040.0
"USA"	2.0	2000	1.0	0	2.0	10.465442	0	10.0	0.0	1.0	0.0	841.002	282162.4
"USA"	2.0	2001	1.0	0	2.0	10.488836	0	10.0	0.0	0.0	1.0	1058.902	284968.97
"USA"	2.0	2002	1.0	0	3.0	10.513782	0	10.0	0.0	0.0	1.0	1059.356	287625.2
"USA"	2.0	2003	1.0	0	3.0	10.551238	0	10.0	0.0	0.0	1.0	703.542	290107.94
"USA"	2.0	2004	1.0	0	3.0	10.603916	0	10.0	0.0	0.0	1.0	957.883	292805.3
"USA"	2.0	2005	1.0	0	3.0	10.657645	0	10.0	0.0	0.0	1.0	1122.373	295516.6
"USA"	2.0	2006	1.0	0	3.0	10.7059965	0	10.0	0.0	0.0	1.0	1266.264	298379.9
"USA"	2.0	2007	1.0	0	3.0	10.7439575	0	10.0	0.0	0.0	1.0	1052.415	301231.2
"USA"	2.0	2008	1.0	0	3.0	10.752774	0	10.0	0.0	0.0	1.0	1107.126	304093.94
"USA"	2.0	2009	1.0	0	3.0	10.721174	0	10.0	0.0	1.0	0.0	1130.818	306771.53
"USA"	2.0	2010	1.0	0	3.0	10.749689	0	10.0	0.0	1.0	0.0	1042.625	309326.25
"USA"	2.0	2011	1.0	0	3.0	10.7813	0	10.0	0.0	1.0	0.0	1062.04	311587.8
"USA"	2.0	2012	1.0	0	3.0	10.819083	0	10.0	0.0	1.0	0.0	1031.6	313914.06
"Canada"	20.0	1996	1.0	0	0.0	9.937161	18.7	10.0	1.0	1.0	0.0	226.071	29671.9
"Canada"	20.0	1997	1.0	0	1.0	9.964596	19.4	10.0	1.0	1.0	0.0	216.038	29987.2
"Canada"	20.0	1998	1.0	0	1.0	9.922819	19.4	10.0	1.0	1.0	0.0	174.198	30247.9
"Canada"	20.0	1999	1.0	0	2.0	9.984209	19.4	10.0	1.0	1.0	0.0	189.952	30499.2
"Canada"	20.0	2000	1.0	0	2.0	10.067285	25.5	10.0	1.0	1.0	0.0	227.455	30769.7
"Canada"	20.0	2001	1.0	0	2.0	10.044004	25.5	10.0	1.0	1.0	0.0	250.64	31081.9
"Canada"	20.0	2002	1.0	0	2.0	10.061569	25.5	10.0	1.0	1.0	0.0	229.049	31362.0
"Canada"	20.0	2003	1.0	0	2.0	10.215935	25.5	10.0	1.0	1.0	0.0	221.348	31676.0
"Canada"	20.0	2004	1.0	0	2.0	10.342127	0	10.0	1.0	1.0	0.0	235.825	31995.0
"Canada"	20.0	2005	1.0	0	3.0	10.465611	0	10.0	1.0	1.0	0.0	262.241	32312.0
"Canada"	20.0	2006	1.0	0	4.0	10.577706	0	10.0	1.0	1.0	0.0	251.642	32576.074
"Canada"	20.0	2007	1.0	0	5.0	10.674718	0	10.0	1.0	0.0	1.0	236.754	32927.516
"Canada"	20.0	2008	1.0	0	5.0	10.716672	0	10.0	1.0	0.0	1.0	247.247	33317.66
"Canada"	20.0	2009	1.0	0	5.0	10.588075	0	10.0	1.0	0.0	1.0	252.179	33726.914
"Canada"	20.0	2010	1.0	0	5.0	10.740985	0	10.0	1.0	0.0	1.0	280.685	34126.547
"Canada"	20.0	2011	1.0	0	4.0	10.850387	0	10.0	1.0	0.0	1.0	248.75	34483.977
"Canada"	20.0	2012	1.0	0	4.0	10.863201	0	10.0	1.0	0.0	1.0	257.9	34880.492
"Mexico"	70.0	1996	16.6	1	-1.0	8.138838	0	4.0	0.0	1.0	0.0		97201.54
"Mexico"	70.0	1997	16.6	1	-1.0	8.308111	0	6.0	0.0	1.0	0.0	4.127	98968.56
"Mexico"	70.0	1998	16.6	1	-1.0	8.338963	0	6.0	0.0	1.0	0.0	4.369	100678.87
"Mexico"	70.0	1999	16.6	1	-1.0	8.45597	0	6.0	0.0	1.0	0.0	5.371	102316.78
"Mexico"	70.0	2000	16.6	1	-1.0	8.630065	0	8.0	0.0	1.0	0.0	6.414	103873.61
"Mexico"	70.0	2001	16.6	1	-1.0	8.683652	0	8.0	0.0	0.0	1.0	8.053	105339.88
"Mexico"	70.0	2002	16.6	1	-1.0	8.713061	0	8.0	0.0	0.0	1.0	5.828	106723.664
"Mexico"	70.0	2003	16.6	1	-1.0	8.776647	0	8.0	0.0	0.0	1.0	6.945	108056.31
"Mexico"	70.0	2004	16.6	1	-1.0	8.845939	0	8.0	0.0	0.0	1.0	8.513	109381.555
"Mexico"	70.0	2005	16.6	1	-1.0	8.944641	0	8.0	0.0	0.0	1.0	9.172	110731.82
"Mexico"	70.0	2006	16.6	1	-1.0	9.046935	0	8.0	0.0	0.0	1.0	6.874	112116.695
"Mexico"	70.0	2007	80.6	1	-1.0	9.118693	0	8.0	0.0	0.0	1.0	7.186	113529.81
"Mexico"	70.0	2008	80.6	1	-1.0	9.159134	0	8.0	0.0	0.0	1.0	15.913	114968.04
"Mexico"	70.0	2009	80.6	1	-1.0	8.934691	0	8.0	0.0	0.0	1.0	23.852	116422.75
"Mexico"	70.0	2010	80.6	1	-2.0	9.080133	0	8.0	0.0	0.0	1.0	26.18	117886.4
"Mexico"	70.0	2011	80.6	1	-3.0	9.179745	0	8.0	0.0	0.0	1.0	21.464	119361.234
"Mexico"	70.0	2012	80.6	1	-3.0	9.184762	0	8.0	0.0	0.0	1.0	19.5	120847.48
"Chile"	155.0	1996	2.0	0		8.550163	28.4	8.0	0.0	1.0	0.0		14662.323
"Chile"	155.0	1997	2.0	0		8.624781	31.3	8.0	0.0	1.0	0.0		14872.458
"Chile"	155.0	1998	2.0	0		8.569056	31.3	8.0	0.0	1.0	0.0		15072.409
"Chile"	155.0	1999	2.0	0		8.472552	31.3	8.0	0.0	1.0	0.0		15265.536
"Chile"	155.0	2000	2.0	0		8.543461	39	9.0	0.0	1.0	0.0	18.741	15454.402
"Chile"	155.0	2001	2.0	0		8.439304	39	9.0	0.0	1.0	0.0	28.924	15639.289
"Chile"	155.0	2002	2.0	0		8.408973	39	9.0	0.0	1.0	0.0	29.942	15819.522
"Chile"	155.0	2003	2.0	0		8.490096	39	9.0	0.0	1.0	0.0	29.835	15995.658
"Chile"	155.0	2004	2.0	0		8.736164	39	9.0	0.0	1.0	0.0	32.099	16168.241
"Chile"	155.0	2005	2.0	0		8.937813	39	9.0	0.0	1.0	0.0	38.149	16337.749
"Chile"	155.0	2006	2.0	0		9.145421	36.5	10.0	0.0	1.0	0.0	48.516	16504.53
"Chile"	155.0	2007	2.0	0		9.2479725	36.5	10.0	0.0	1.0	0.0	79.377	16668.893
"Chile"	155.0	2008	2.0	0		9.275403	36.5	10.0	0.0	1.0	0.0	68.38	16831.184
"Chile"	155.0	2009	2.0	0		9.220935	36.5	10.0	0.0	1.0	0.0	57.059	16991.729
"Chile"	155.0	2010	2.0	0		9.447045	40.9	10.0	0.0	1.0	0.0	63.92	17150.76
"Chile"	155.0	2011	2.0	0	1.0	9.58199	40.9	10.0	0.0	0.0	0.0	76.337	17308.447
"Chile"	155.0	2012	2.0	0	1.0	9.639255	40.9	10.0	0.0	0.0	0.0	100.1	17464.814
"UK"	200.0	1996	1.0	0	0.0	9.959151	0	10.0	1.0	0.0	1.0	164	58166.953
"UK"	200.0	1997	1.0	0	0.0	10.06304	0	10.0	1.0	0.0	1.0	182	58316.953
"UK"	200.0	1998	1.0	0	0.0	10.126467	0	10.0	1.0	1.0	0.0	214	58487.14
"UK"	200.0	1999	1.0	0	0.0	10.151333	0	10.0	1.0	1.0	0.0	239.479	58682.465
"UK"	200.0	2000	1.0	0	2.0	10.128933	0	10.0	1.0	1.0	0.0	260.424	58892.51
"UK"	200.0	2001	1.0	0	3.0	10.120064	0	10.0	1.0	1.0	0.0	262.239	59107.96
"UK"	200.0	2002	1.0	0	3.0	10.20348	0	10.0	1.0	1.0	0.0	418	59325.81
"UK"	200.0	2003	1.0	0	4.0	10.346665	0	10.0	1.0	1.0	0.0	411	59566.26
"UK"	200.0	2004	1.0	0	6.0	10.5104	0	10.0	1.0	1.0	0.0	500	59867.863
"UK"	200.0	2005	1.0	0	6.0	10.548535	0	10.0	1.0	1.0	0.0	469	60224.31
"UK"	200.0	2006	1.0	0	6.0	10.608587	0	10.0	1.0	1.0	0.0	513	60595.633
"UK"	200.0	2007	1.0	0	5.0	10.74355	0	10.0	1.0	1.0	0.0	500	60986.65
"UK"	200.0	2008	1.0	0	5.0	10.672364	0	10.0	1.0	1.0	0.0	505	61393.52
"UK"	200.0	2009	1.0	0	5.0	10.472524	0	10.0	1.0	1.0	0.0	471	61811.027
"UK"	200.0	2010	1.0	0	4.0	10.497721	0	10.0	1.0	1.0	0.0	498	62271.176
"UK"	200.0	2011	1.0	0	4.0	10.570311	0	10.0	1.0	0.0	1.0	488	62752.473
"UK"	200.0	2012	1.0	0	3.0	10.558789	0	10.0	1.0	0.0	1.0	418	63227.527
"Ireland"	205.0	1996	4.0	1	0.0	9.923366	0	10.0	1.0	0.0	1.0	21.5	3637.51
"Ireland"	205.0	1997	4.0	1	0.0	10.005415	0	10.0	1.0	0.0	1.0	23.7	3674.171
"Ireland"	205.0	1998	4.0	1	0.0	10.076073	0	10.0	1.0	0.0	0.0	21.7	3712.696
"Ireland"	205.0	1999	4.0	1	1.0	10.155457	0	10.0	1.0	0.0	0.0	22.2	3754.786
"Ireland"	205.0	2000	4.0	1	1.0	10.150756	0	10.0	1.0	0.0	0.0	27.8	3805.174
"Ireland"	205.0	2001	4.0	1	1.0	10.212031	0	10.0	1.0	0.0	0.0	32.7	3866.243
"Ireland"	205.0	2002	4.0	1	1.0	10.352162	0	10.0	1.0	0.0	0.0	39.9	3931.947
"Ireland"	205.0	2003	4.0	1	1.0	10.590904	0	10.0	1.0	0.0	0.0	42.4	3996.521
"Ireland"	205.0	2004	4.0	1	0.0	10.732438	0	10.0	1.0	0.0	0.0	41.8	4070.262
"Ireland"	205.0	2005	4.0	1	0.0	10.794246	0	10.0	1.0	0.0	0.0	66.1	4159.914
"Ireland"	205.0	2006	4.0	1	0.0	10.865391	0	10.0	1.0	0.0	0.0	88.9	4260.341
"Ireland"	205.0	2007	4.0	1	2.0	10.990138	0	10.0	1.0	0.0	0.0	120.4	4356.931
"Ireland"	205.0	2008	4.0	1	2.0	10.9887905	0	10.0	1.0	0.0	0.0	89.7	4425.683
"Ireland"	205.0	2009	4.0	1	0.0	10.824677	0	10.0	1.0	0.0	0.0	50.7	4458.942
"Ireland"	205.0	2010	4.0	1	0.0	10.7368	0	10.0	1.0	0.0	0.0	23.9	4474.356
"Ireland"	205.0	2011	4.0	1	0.0	10.784129	0	10.0	1.0	0.0	0.0	33.7	4576.748
"Ireland"	205.0	2012	4.0	1	0.0	10.73282	0	10.0	1.0	0.0	0.0	32.1	4588.798
"Netherlands"	210.0	1996	8.3	1	0.0	10.200384	2.5	10.0	1.0	1.0	0.0	77.177	15530.498
"Netherlands"	210.0	1997	8.3	1	0.0	10.117022	2.5	10.0	1.0	1.0	0.0	76.736	15610.65
"Netherlands"	210.0	1998	8.3	1	0.0	10.151699	0.6	10.0	1.0	1.0	0.0	81.701	15707.209
"Netherlands"	210.0	1999	8.3	1	0.0	10.166683	0.6	10.0	1.0	1.0	0.0	78.365	15812.088
"Netherlands"	210.0	2000	8.3	1	0.0	10.09327	0.6	10.0	1.0	1.0	0.0	91.383	15925.513
"Netherlands"	210.0	2001	8.3	1	1.0	10.125383	0.6	10.0	1.0	1.0	0.0	94.507	16046.18
"Netherlands"	210.0	2002	8.3	1	1.0	10.207681	17	10.0	1.0	1.0	0.0	86.619	16148.929
"Netherlands"	210.0	2003	8.3	1	1.0	10.409623	5.7	10.0	1.0	1.0	0.0	73.566	16225.302
"Netherlands"	210.0	2004	8.3	1	3.0	10.530987	5.7	10.0	1.0	0.0	1.0	65.121	16281.779
"Netherlands"	210.0	2005	8.3	1	3.0	10.574448	5.7	10.0	1.0	0.0	1.0	63.415	16319.868
"Netherlands"	210.0	2006	8.3	1	2.0	10.632459	0	10.0	1.0	0.0	1.0	67.657	16346.101
"Netherlands"	210.0	2007	8.3	1	2.0	10.77417	0	10.0	1.0	0.0	1.0	80.258	16381.696
"Netherlands"	210.0	2008	8.3	1	2.0	10.877123	0	10.0	1.0	0.0	1.0	103.356	16445.594
"Netherlands"	210.0	2009	8.3	1	3.0	10.782573	0	10.0	1.0	0.0	1.0	104.41	16530.389
"Netherlands"	210.0	2010	8.3	1	3.0	10.749847	0	10.0	1.0	0.0	1.0	110.235	16615.395
"Netherlands"	210.0	2011	8.3	1	3.0	10.821478	0	10.0	1.0	0.0	1.0	118.457	16693.074
"Netherlands"	210.0	2012	8.3	1	3.0	10.737578	0	10.0	1.0	0.0	1.0	115.7	16767.705
"Belgium"	211.0	1996	13.63	1	0.0	10.209292	10.1	10.0	1.0	0.0	1.0	51.884	10156.637
"Belgium"	211.0	1997	13.63	1	0.0	10.107735	10.1	10.0	1.0	0.0	1.0	49.24	10181.245
"Belgium"	211.0	1998	13.63	1	0.0	10.128682	10.1	10.0	1.0	0.0	1.0	50.693	10203.008
"Belgium"	211.0	1999	13.63	1	1.0	10.122095	11.6	10.0	1.0	0.0	1.0	57.784	10226.419
"Belgium"	211.0	2000	13.63	1	1.0	10.029988	11.6	10.0	1.0	0.0	1.0	57.295	10251.25
"Belgium"	211.0	2001	13.63	1	1.0	10.025745	11.6	10.0	1.0	0.0	1.0	65.974	10286.57
"Belgium"	211.0	2002	13.63	1	1.0	10.105013	11.6	10.0	1.0	0.0	1.0	70.23	10332.785
"Belgium"	211.0	2003	13.63	1	2.0	10.310255	13.7	10.0	1.0	0.0	1.0	68.8	10376.133
"Belgium"	211.0	2004	13.63	1	2.0	10.454688	13.7	10.0	1.0	0.0	1.0	72.446	10421.137
"Belgium"	211.0	2005	13.63	1	2.0	10.491592	13.7	10.0	1.0	0.0	1.0	77.411	10478.617
"Belgium"	211.0	2006	13.63	1	2.0	10.543201	13.7	10.0	1.0	0.0	1.0	83.433	10547.958
"Belgium"	211.0	2007	13.63	1	2.0	10.674877	14	8.0	1.0	0.0	1.0	93.387	10625.7
"Belgium"	211.0	2008	13.63	1	2.0	10.765839	14	8.0	1.0	0.0	1.0	106.012	10709.973
"Belgium"	211.0	2009	13.63	1	2.0	10.688373	14	8.0	1.0	0.0	1.0	102.714	10796.493
"Belgium"	211.0	2010	13.63	1	2.0	10.668959	8.3	8.0	1.0	0.0	1.0	113.582	10895.586
"Belgium"	211.0	2011	13.63	1	2.0	10.747485	8.3	8.0	1.0	0.0	1.0	117.948	11047.744
"Belgium"	211.0	2012	13.63	1	2.0	10.678503	8.3	8.0	1.0	1.0	0.0	110	11142.157
"Luxembourg"	212.0	1996	15.0	1	0.0	10.81338	0	10.0	1.0	0.0	0.0	9.235	414.225
"Luxembourg"	212.0	1997	15.0	1	0.0	10.695117	0	10.0	1.0	0.0	0.0	9.457	419.45
"Luxembourg"	212.0	1998	15.0	1	0.0	10.726898	0	10.0	1.0	0.0	0.0	10.605	424.7
"Luxembourg"	212.0	1999	15.0	1	1.0	10.803933	0	10.0	1.0	0.0	0.0	11.776	430.475
"Luxembourg"	212.0	2000	15.0	1	1.0	10.7462015	0	10.0	1.0	0.0	0.0	10.792	436.3
"Luxembourg"	212.0	2001	15.0	1	1.0	10.7308035	0	10.0	1.0	0.0	0.0	11.055	441.525
"Luxembourg"	212.0	2002	15.0	1	1.0	10.8313675	0	10.0	1.0	0.0	0.0	10.988	446.175
"Luxembourg"	212.0	2003	15.0	1	1.0	11.074916	0	10.0	1.0	0.0	0.0	12.554	451.63
"Luxembourg"	212.0	2004	15.0	1	1.0	11.217059	0	10.0	1.0	0.0	0.0	12.245	458.095
"Luxembourg"	212.0	2005	15.0	1	1.0	11.301281	0	10.0	1.0	0.0	0.0	13.759	465.158
"Luxembourg"	212.0	2006	15.0	1	1.0	11.407738	0	10.0	1.0	0.0	0.0	13.731	472.637
"Luxembourg"	212.0	2007	15.0	1	1.0	11.579832	0	10.0	1.0	0.0	0.0	15.766	479.993
"Luxembourg"	212.0	2008	15.0	1	1.0	11.626509	0	10.0	1.0	0.0	0.0	16.801	488.65
"Luxembourg"	212.0	2009	15.0	1	1.0	11.518323	0	10.0	1.0	0.0	0.0	14.635	497.783
"Luxembourg"	212.0	2010	15.0	1	2.0	11.548043	0	10.0	1.0	0.0	0.0	15.814	506.953
"Luxembourg"	212.0	2011	15.0	1	2.0	11.645802	0	10.0	1.0	0.0	0.0	19.108	518.347
"Luxembourg"	212.0	2012	15.0	1	2.0	11.585022	0	10.0	1.0	0.0	0.0	19.4	531.441
"France"	220.0	1996	1.0	0	0.0	10.17815	12.5	9.0	1.0	0.0	1.0	48.41	59752.02
"France"	220.0	1997	1.0	0	1.0	10.073477	14.9	9.0	1.0	0.0	1.0	74.455	59963.793
"France"	220.0	1998	1.0	0	1.0	10.10258	14.9	9.0	1.0	1.0	0.0	110.728	60185.176
"France"	220.0	1999	1.0	0	1.0	10.088931	14.9	9.0	1.0	1.0	0.0	82.753	60495.473
"France"	220.0	2000	1.0	0	1.0	9.988515	14.9	9.0	1.0	1.0	0.0	91.875	60911.055
"France"	220.0	2001	1.0	0	1.0	9.990224	14.9	9.0	1.0	1.0	0.0	106.877	61355.723
"France"	220.0	2002	1.0	0	1.0	10.064518	13	9.0	1.0	1.0	0.0	124.232	61803.227
"France"	220.0	2003	1.0	0	0.0	10.267924	13	9.0	1.0	0.0	1.0	136.37	62242.473
"France"	220.0	2004	1.0	0	0.0	10.397721	13	9.0	1.0	0.0	1.0	141.554	62702.12
"France"	220.0	2005	1.0	0	0.0	10.428777	13	9.0	1.0	0.0	1.0	135.866	63176.246
"France"	220.0	2006	1.0	0	1.0	10.476077	13	9.0	1.0	0.0	1.0	159.4	63617.977
"France"	220.0	2007	1.0	0	2.0	10.605146	5.5	9.0	1.0	0.0	1.0	145.9	64012.57
"France"	220.0	2008	1.0	0	2.0	10.691756	5.5	9.0	1.0	0.0	1.0	153.3	64371.1
"France"	220.0	2009	1.0	0	2.0	10.608758	5.5	9.0	1.0	0.0	1.0	159.6	64702.92
"France"	220.0	2010	1.0	0	2.0	10.576076	5.5	9.0	1.0	0.0	1.0	157.8	65031.234
"France"	220.0	2011	1.0	0	1.0	10.657772	5.5	9.0	1.0	0.0	1.0	154.8	65371.613
"France"	220.0	2012	1.0	0	1.0	10.590915	13.6	9.0	1.0	0.0	1.0	163.4	65696.69
"Switzerland"	225.0	1996	9.1	1	0.0	10.694737	16.2	10.0	1.0	0.0	0.0	79.708	7071.85
"Switzerland"	225.0	1997	9.1	1	0.0	10.55602	16.2	10.0	1.0	0.0	0.0	72.796	7088.906
"Switzerland"	225.0	1998	9.1	1	0.0	10.577122	16.2	10.0	1.0	0.0	0.0	74.949	7110.001
"Switzerland"	225.0	1999	9.1	1	0.0	10.552961	33.8	10.0	1.0	0.0	0.0	85.838	7143.991
"Switzerland"	225.0	2000	9.1	1	0.0	10.48121	33.8	10.0	1.0	0.0	0.0	87.448	7184.25
"Switzerland"	225.0	2001	9.1	1	0.0	10.500348	33.8	10.0	1.0	0.0	0.0	101.353	7229.854
"Switzerland"	225.0	2002	9.1	1	1.0	10.580262	33.8	10.0	1.0	0.0	0.0	101.876	7284.753
"Switzerland"	225.0	2003	9.1	1	1.0	10.727413	29.2	10.0	1.0	0.0	0.0	94.049	7339.001
"Switzerland"	225.0	2004	9.1	1	1.0	10.832533	29.2	10.0	1.0	0.0	0.0	96.27	7389.625
"Switzerland"	225.0	2005	9.1	1	0.0	10.853876	29.2	10.0	1.0	0.0	0.0	94.357	7437.115
"Switzerland"	225.0	2006	9.1	1	0.0	10.899338	29.2	10.0	1.0	0.0	0.0	102.657	7483.934
"Switzerland"	225.0	2007	9.1	1	0.0	10.99648	30.7	10.0	1.0	0.0	0.0	139.685	7551.117
"Switzerland"	225.0	2008	7.7	1	-1.0	11.135397	30.7	10.0	1.0	0.0	0.0	157.271	7647.675
"Switzerland"	225.0	2009	7.7	1	-1.0	11.094224	30.7	10.0	1.0	0.0	0.0	132.444	7743.831
"Switzerland"	225.0	2010	7.7	1	-1.0	11.164398	30.7	10.0	1.0	0.0	0.0	134.171	7824.909
"Switzerland"	225.0	2011	7.7	1	0.0	11.330515	27.9	10.0	1.0	0.0	0.0	142.471	7912.398
"Switzerland"	225.0	2012	7.7	1	0.0	11.277865	27.9	10.0	1.0	0.0	0.0	143.8	7997.152
"Spain"	230.0	1996	6.9	1	1.0	9.665636	0	10.0	1.0	1.0	0.0		39478.184
"Spain"	230.0	1997	6.9	1	1.0	9.579623	0	10.0	1.0	0.0	1.0	35.616	39582.41
"Spain"	230.0	1998	6.9	1	1.0	9.624199	0	10.0	1.0	0.0	1.0	57.195	39721.11
"Spain"	230.0	1999	6.9	1	1.0	9.647015	0	10.0	1.0	0.0	1.0	99.122	39926.27
"Spain"	230.0	2000	6.9	1	1.0	9.57594	0	10.0	1.0	0.0	1.0	330.881	40263.215
"Spain"	230.0	2001	6.9	1	0.0	9.612606	0	10.0	1.0	0.0	1.0	394.048	40720.484
"Spain"	230.0	2002	6.9	1	1.0	9.717863	0	10.0	1.0	0.0	1.0	443.085	41313.973
"Spain"	230.0	2003	6.9	1	1.0	9.954254	0	10.0	1.0	0.0	1.0	429.524	42004.52
"Spain"	230.0	2004	6.9	1	0.0	10.105152	0	10.0	1.0	0.0	1.0	645.844	42691.688
"Spain"	230.0	2005	6.9	1	1.0	10.168018	0	10.0	1.0	1.0	0.0	682.711	43398.145
"Spain"	230.0	2006	6.9	1	1.0	10.240843	0	10.0	1.0	1.0	0.0	802.971	44116.44
"Spain"	230.0	2007	6.7	1	1.0	10.377175	0	10.0	1.0	1.0	0.0	920.534	44878.945
"Spain"	230.0	2008	6.7	1	1.0	10.462457	0	10.0	1.0	1.0	0.0	692.228	45555.715
"Spain"	230.0	2009	6.7	1	2.0	10.364521	0	10.0	1.0	1.0	0.0	469.342	45908.594
"Spain"	230.0	2010	6.7	1	2.0	10.30749	0	10.0	1.0	1.0	0.0	431.334	46070.973
"Spain"	230.0	2011	6.7	1	2.0	10.3730135	0	10.0	1.0	1.0	0.0	416.282	46174.6
"Spain"	230.0	2012	6.7	1	2.0	10.281766	0	10.0	1.0	0.0	1.0	336.1	46217.96
"Portugal"	235.0	1996	10.5	1	0.0	9.39647	0	10.0	1.0	1.0	0.0	3.644	10057.861
"Portugal"	235.0	1997	10.5	1	0.0	9.346766	0	10.0	1.0	1.0	0.0	3.298	10091.12
"Portugal"	235.0	1998	10.5	1	0.0	9.403361	0	10.0	1.0	1.0	0.0	6.485	10129.29
"Portugal"	235.0	1999	10.5	1	0.0	9.427761	0	10.0	1.0	1.0	0.0	10.541	10171.949
"Portugal"	235.0	2000	10.5	1	1.0	9.3475685	0	10.0	1.0	1.0	0.0	15.932	10225.836
"Portugal"	235.0	2001	10.5	1	0.0	9.366547	0	10.0	1.0	1.0	0.0	151.433	10292.999
"Portugal"	235.0	2002	10.5	1	0.0	9.453957	0	10.0	1.0	1.0	0.0	71.974	10368.403
"Portugal"	235.0	2003	10.5	1	0.0	9.649184	0	10.0	1.0	0.0	1.0	31.754	10441.075
"Portugal"	235.0	2004	10.5	1	0.0	9.778693	0	10.0	1.0	0.0	1.0	34.096	10501.97
"Portugal"	235.0	2005	10.5	1	0.0	9.808387	0	10.0	1.0	0.0	1.0	28.092	10549.424
"Portugal"	235.0	2006	10.5	1	0.0	9.855609	0	10.0	1.0	1.0	0.0	22.457	10584.344
"Portugal"	235.0	2007	10.5	1	2.0	9.991738	0	10.0	1.0	1.0	0.0	32.599	10608.335
"Portugal"	235.0	2008	10.5	1	2.0	10.073921	0	10.0	1.0	1.0	0.0	72.8	10622.413
"Portugal"	235.0	2009	10.5	1	2.0	9.999673	0	10.0	1.0	1.0	0.0	61.4	10632.482
"Portugal"	235.0	2010	10.5	1	2.0	9.970301	0	10.0	1.0	1.0	0.0	50.7	10637.346
"Portugal"	235.0	2011	10.5	1	2.0	10.021444	0	10.0	1.0	1.0	0.0	45.4	10556.999
"Portugal"	235.0	2012	10.5	1	2.0	9.912566	0	10.0	1.0	0.0	1.0	38.5	10526.703
"Germany"	255.0	1996	11.2	1	0.0	10.300584	0	10.0	1.0	0.0	1.0	707.954	81914.83
"Germany"	255.0	1997	11.2	1	0.0	10.177193	0	10.0	1.0	0.0	1.0	615.298	82034.766
"Germany"	255.0	1998	11.2	1	1.0	10.186701	0	10.0	1.0	0.0	1.0	605.5	82047.195
"Germany"	255.0	1999	1.9	1	1.0	10.164183	0	10.0	1.0	1.0	0.0	673.873	82100.24
"Germany"	255.0	2000	1.9	1	1.0	10.040886	0	10.0	1.0	1.0	0.0	648.846	82211.51
"Germany"	255.0	2001	1.9	1	2.0	10.036281	0	10.0	1.0	1.0	0.0	685.259	82349.93
"Germany"	255.0	2002	1.9	1	2.0	10.099287	0	10.0	1.0	1.0	0.0	658.341	82488.49
"Germany"	255.0	2003	1.9	1	2.0	10.287641	0	10.0	1.0	1.0	0.0	601.759	82534.18
"Germany"	255.0	2004	1.9	1	2.0	10.405476	0	10.0	1.0	1.0	0.0	602.182	82516.26
"Germany"	255.0	2005	1.9	1	3.0	10.420577	1.8	10.0	1.0	1.0	0.0	579.301	82469.42
"Germany"	255.0	2006	1.9	1	3.0	10.469869	1.8	10.0	1.0	0.0	1.0	558.467	82376.445
"Germany"	255.0	2007	1.9	1	3.0	10.606659	1.8	10.0	1.0	0.0	1.0	574.752	82266.37
"Germany"	255.0	2008	1.9	1	3.0	10.6949415	1.8	10.0	1.0	0.0	1.0	573.815	82110.09
"Germany"	255.0	2009	1.9	1	4.0	10.603493	1.8	10.0	1.0	0.0	1.0	606.314	81902.305
"Germany"	255.0	2010	1.9	1	4.0	10.600721	1.8	10.0	1.0	0.0	1.0	683.529	81776.93
"Germany"	255.0	2011	1.9	1	4.0	10.692427	1.8	10.0	1.0	0.0	1.0	841.695	81797.67
"Germany"	255.0	2012	1.9	1	4.0	10.63379	1.8	10.0	1.0	0.0	1.0	965.9	81889.84
"Poland"	290.0	1996	16.7	1	0.0	8.308104	0	9.0	0.0	1.0	0.0		38624.367
"Poland"	290.0	1997	16.7	1	1.0	8.310443	0	9.0	0.0	1.0	0.0		38649.66
"Poland"	290.0	1998	16.7	1	1.0	8.405582	0	9.0	0.0	1.0	0.0	5.181	38663.48
"Poland"	290.0	1999	16.7	1	1.0	8.375726	0	9.0	0.0	1.0	0.0	17.323	38660.273
"Poland"	290.0	2000	16.7	1	1.0	8.401576	0	9.0	0.0	1.0	0.0	15.897	38453.758
"Poland"	290.0	2001	16.7	1	1.0	8.512898	0	9.0	0.0	1.0	0.0	21.466	38248.074
"Poland"	290.0	2002	11.2	1	1.0	8.553298	0	10.0	0.0	1.0	0.0	30.243	38230.363
"Poland"	290.0	2003	11.2	1	1.0	8.64378	0	10.0	0.0	1.0	0.0	30.325	38204.566
"Poland"	290.0	2004	11.2	1	1.0	8.797861	0	10.0	0.0	1.0	0.0	36.851	38182.223
"Poland"	290.0	2005	11.2	1	1.0	8.982564	0	10.0	0.0	1.0	0.0	38.512	38165.445
"Poland"	290.0	2006	11.2	1	3.0	9.100304	0	10.0	0.0	0.0	1.0	34.21	38141.27
"Poland"	290.0	2007	11.2	1	4.0	9.319847	0	10.0	0.0	0.0	1.0	40.637	38120.56
"Poland"	290.0	2008	11.2	1	4.0	9.538671	0	10.0	0.0	0.0	1.0	41.834	38125.76
"Poland"	290.0	2009	11.2	1	5.0	9.332104	0	10.0	0.0	0.0	1.0	41.277	38151.605
"Poland"	290.0	2010	11.2	1	5.0	9.41752	0	10.0	0.0	0.0	1.0	41.061	38183.684
"Poland"	290.0	2011	11.2	1	6.0	9.501671	0	10.0	0.0	0.0	0.0	41.336	38534.156
"Poland"	290.0	2012	11.2	1	2.0	9.449976	0	10.0	0.0	0.0	0.0	47.1	38542.734
"Austria"	305.0	1996	20.3	1	0.0	10.291657	21.9	10.0	1.0	1.0	0.0	57.1	7959.017
"Austria"	305.0	1997	20.3	1	0.0	10.169019	21.9	10.0	1.0	1.0	0.0	56.895	7968.041
"Austria"	305.0	1998	20.3	1	0.0	10.194057	21.9	10.0	1.0	1.0	0.0	59.229	7976.789
"Austria"	305.0	1999	20.3	1	0.0	10.187283	26.9	10.0	1.0	1.0	0.0	72.379	7992.324
"Austria"	305.0	2000	20.3	1	0.0	10.084733	26.9	10.0	1.0	0.0	1.0	65.954	8011.566
"Austria"	305.0	2001	20.3	1	0.0	10.078861	26.9	10.0	1.0	0.0	1.0	74.786	8042.293
"Austria"	305.0	2002	20.3	1	1.0	10.153433	10	10.0	1.0	0.0	1.0	86.144	8081.957
"Austria"	305.0	2003	20.3	1	1.0	10.35037	10	10.0	1.0	0.0	1.0	93.341	8121.423
"Austria"	305.0	2004	20.3	1	1.0	10.481847	10	10.0	1.0	0.0	1.0	104.246	8171.966
"Austria"	305.0	2005	20.3	1	2.0	10.520491	10	10.0	1.0	0.0	1.0	97.995	8227.829
"Austria"	305.0	2006	20.3	1	2.0	10.57897	11	10.0	1.0	0.0	1.0	82.899	8268.641
"Austria"	305.0	2007	20.3	1	2.0	10.718442	11	10.0	1.0	1.0	0.0	91.5	8300.788
"Austria"	305.0	2008	20.3	1	3.0	10.81334	17.5	10.0	1.0	1.0	0.0	94.4	8336.926
"Austria"	305.0	2009	20.3	1	3.0	10.733336	17.5	10.0	1.0	1.0	0.0	91.7	8365.275
"Austria"	305.0	2010	20.3	1	4.0	10.712558	17.5	10.0	1.0	1.0	0.0	96.9	8389.771
"Austria"	305.0	2011	20.3	1	4.0	10.811373	17.5	10.0	1.0	1.0	0.0	109.9	8423.635
"Austria"	305.0	2012	20.3	1	4.0	10.762704	17.5	10.0	1.0	1.0	0.0	125.6	8462.446
"Hungary"	310.0	1996	1.96	1	-1.0	8.401654	1.2	10.0	1.0	1.0	0.0	13.734	10311.238
"Hungary"	310.0	1997	1.96	1	-1.0	8.416701	1.2	10.0	1.0	1.0	0.0	13.283	10290.486
"Hungary"	310.0	1998	1.96	1	-1.0	8.449055	5.6	10.0	1.0	1.0	0.0	16.052	10266.57
"Hungary"	310.0	1999	1.96	1	-2.0	8.458195	5.6	10.0	1.0	1.0	0.0	20.151	10237.53
"Hungary"	310.0	2000	1.96	1	-2.0	8.421282	5.6	10.0	1.0	1.0	0.0	20.184	10210.971
"Hungary"	310.0	2001	1.96	1	-2.0	8.5515995	5.6	10.0	1.0	1.0	0.0	20.308	10187.576
"Hungary"	310.0	2002	1.96	1	-2.0	8.784972	4.6	10.0	1.0	1.0	0.0	17.972	10158.608
"Hungary"	310.0	2003	1.96	1	-2.0	9.017604	4.6	10.0	1.0	1.0	0.0	19.365	10129.552
"Hungary"	310.0	2004	1.96	1	-2.0	9.218757	4.6	10.0	1.0	1.0	0.0	22.164	10107.146
"Hungary"	310.0	2005	1.96	1	-1.0	9.299902	4.6	10.0	1.0	1.0	0.0	25.582	10087.065
"Hungary"	310.0	2006	13.82	1	-2.0	9.321306	1.7	10.0	1.0	1.0	0.0	23.569	10071.37
"Hungary"	310.0	2007	13.82	1	-2.0	9.513013	1.7	10.0	1.0	1.0	0.0	22.607	10055.78
"Hungary"	310.0	2008	13.82	1	-2.0	9.639827	1.7	10.0	1.0	1.0	0.0	35.547	10038.188
"Hungary"	310.0	2009	13.82	1	-2.0	9.44419	1.7	10.0	1.0	1.0	0.0	25.582	10022.65
"Hungary"	310.0	2010	13.82	1	-2.0	9.456861	0	10.0	1.0	1.0	0.0	23.884	10000.023
"Hungary"	310.0	2011	13.82	1	-2.0	9.540293	0	10.0	1.0	0.0	1.0	22.513	9971.727
"Hungary"	310.0	2012	13.82	1	-2.0	9.443176	0	10.0	1.0	0.0	1.0	20.3	9943.755
"Czech Republic"	316.0	1996	25.0	1	0.0	8.746898	8	10.0	1.0	0.0	1.0	7.408	10315.241
"Czech Republic"	316.0	1997	25.0	1	0.0	8.660582	8	10.0	1.0	0.0	1.0	9.949	10304.131
"Czech Republic"	316.0	1998	25.0	1	0.0	8.7329035	3.9	10.0	1.0	0.0	1.0	7.943	10294.373
"Czech Republic"	316.0	1999	25.0	1	-1.0	8.706984	3.9	10.0	1.0	1.0	0.0	6.81	10283.86
"Czech Republic"	316.0	2000	25.0	1	-2.0	8.652567	3.9	10.0	1.0	1.0	0.0	4.227	10272.322
"Czech Republic"	316.0	2001	25.0	1	-2.0	8.746526	3.9	10.0	1.0	1.0	0.0	11.323	10236.491
"Czech Republic"	316.0	2002	25.0	1	-2.0	8.947037	3.9	10.0	1.0	1.0	0.0	43.648	10204.853
"Czech Republic"	316.0	2003	14.29	1	-1.0	9.141598	0	10.0	1.0	1.0	0.0	57.438	10207.362
"Czech Republic"	316.0	2004	14.29	1	-1.0	9.319793	0	10.0	1.0	1.0	0.0	50.804	10216.016
"Czech Republic"	316.0	2005	14.29	1	-1.0	9.449799	0	10.0	1.0	1.0	0.0	58.576	10235.828
"Czech Republic"	316.0	2006	14.29	1	1.0	9.578154	0	8.0	1.0	1.0	0.0	66.125	10269.134
"Czech Republic"	316.0	2007	14.29	1	1.0	9.768093	0	8.0	1.0	0.0	0.0	102.511	10334.16
"Czech Republic"	316.0	2008	14.29	1	1.0	9.981706	0	8.0	1.0	0.0	0.0	77.817	10424.336
"Czech Republic"	316.0	2009	14.29	1	2.0	9.841912	0	8.0	1.0	0.0	0.0	39.973	10487.178
"Czech Republic"	316.0	2010	14.29	1	2.0	9.845162	0	8.0	1.0	0.0	0.0	30.515	10519.792
"Czech Republic"	316.0	2011	14.29	1	1.0	9.932084	0	8.0	1.0	0.0	0.0	22.59	10496.088
"Czech Republic"	316.0	2012	14.29	1	1.0	9.831331	0	8.0	1.0	0.0	0.0	30.3	10514.81
"Slovakia"	317.0	1996	150.0	1	-1.0	8.532618	0	7.0	1.0	1.0	0.0	5.432	5373.361
"Slovakia"	317.0	1997	150.0	1	-1.0	8.521737	0	7.0	1.0	1.0	0.0	6.102	5383.291
"Slovakia"	317.0	1998	150.0	1	-1.0	8.59996	0	9.0	1.0	1.0	0.0	6.445	5390.516
"Slovakia"	317.0	1999	150.0	1	-2.0	8.621554	0	9.0	1.0	0.0	0.0	5.861	5396.02
"Slovakia"	317.0	2000	150.0	1	-2.0	8.581182	0	9.0	1.0	0.0	0.0	4.622	5388.72
"Slovakia"	317.0	2001	150.0	1	-2.0	8.637043	0	9.0	1.0	0.0	0.0	4.723	5378.867
"Slovakia"	317.0	2002	150.0	1	-2.0	8.770203	0	9.0	1.0	0.0	0.0	4.784	5379.056
"Slovakia"	317.0	2003	150.0	1	-2.0	9.0502405	0	9.0	1.0	0.0	0.0	4.562	5379.607
"Slovakia"	317.0	2004	150.0	1	-2.0	9.251272	0	9.0	1.0	0.0	0.0	7.919	5382.438
"Slovakia"	317.0	2005	150.0	1	-2.0	9.340011	0	9.0	1.0	0.0	0.0	7.665	5387.001
"Slovakia"	317.0	2006	150.0	1	-2.0	9.457086	0	10.0	1.0	0.0	0.0	11.309	5391.409
"Slovakia"	317.0	2007	150.0	1	-2.0	9.653961	0	10.0	1.0	1.0	0.0	14.848	5397.318
"Slovakia"	317.0	2008	150.0	1	-2.0	9.804168	0	10.0	1.0	1.0	0.0	16.47	5406.626
"Slovakia"	317.0	2009	150.0	1	-2.0	9.68658	0	10.0	1.0	1.0	0.0	14.438	5418.59
"Slovakia"	317.0	2010	150.0	1	-1.0	9.6842375	0	10.0	1.0	1.0	0.0	12.659	5430.099
"Slovakia"	317.0	2011	150.0	1	-1.0	9.786367	0	10.0	1.0	1.0	0.0	8.224	5398.384
"Slovakia"	317.0	2012	150.0	1	-1.0	9.736938	0	10.0	1.0	1.0	0.0	2.9	5410.267
"Italy"	325.0	1996	2.2	1	0.0	10.011056	10.8	10.0	1.0	0.0	1.0		56860.28
"Italy"	325.0	1997	2.2	1	0.0	9.955584	10.8	10.0	1.0	0.0	0.0		56890.37
"Italy"	325.0	1998	2.2	1	-1.0	9.976694	10.8	10.0	1.0	0.0	0.0	110.966	56906.742
"Italy"	325.0	1999	2.2	1	-1.0	9.963044	10.8	10.0	1.0	0.0	0.0	152.9	56916.316
"Italy"	325.0	2000	2.2	1	-1.0	9.872424	10.8	10.0	1.0	0.0	0.0	192.557	56942.11
"Italy"	325.0	2001	2.2	1	-1.0	9.889488	0.1	10.0	1.0	0.0	0.0	172.836	56977.215
"Italy"	325.0	2002	2.2	1	-2.0	9.972787	0.1	10.0	1.0	0.0	1.0	161.9	57157.406
"Italy"	325.0	2003	2.2	1	-2.0	10.176995	0.1	10.0	1.0	0.0	1.0	424.9	57604.656
"Italy"	325.0	2004	2.2	1	-2.0	10.303357	0.1	10.0	1.0	0.0	1.0	394.8	58175.312
"Italy"	325.0	2005	2.2	1	-2.0	10.324788	0.1	10.0	1.0	0.0	1.0	282.8	58607.043
"Italy"	325.0	2006	22.5	1	-2.0	10.366497	16.9	10.0	1.0	0.0	1.0	254.6	58941.5
"Italy"	325.0	2007	22.5	1	-1.0	10.48643	16.9	10.0	1.0	1.0	0.0	515.2	59375.29
"Italy"	325.0	2008	22.5	1	-1.0	10.56005	8.3	10.0	1.0	1.0	0.0	496.5	59832.18
"Italy"	325.0	2009	22.5	1	-1.0	10.465191	8.3	10.0	1.0	0.0	1.0	406.7	60192.695
"Italy"	325.0	2010	22.5	1	-1.0	10.42705	8.3	10.0	1.0	0.0	1.0	424.5	60483.383
"Italy"	325.0	2011	22.5	1	-1.0	10.494156	8.3	10.0	1.0	0.0	1.0	354.3	60723.566
"Italy"	325.0	2012	22.5	1	-1.0	10.405739	8.3	10.0	1.0	0.0	1.0	321.3	60917.977
"Slovenia"	349.0	1996	11.0	1		9.271946	0	10.0	1.0	1.0	0.0		1988.628
"Slovenia"	349.0	1997	11.0	1		9.238181	0	10.0	1.0	1.0	0.0		1985.956
"Slovenia"	349.0	1998	11.0	1		9.3033285	0	10.0	1.0	1.0	0.0	3.746	1981.629
"Slovenia"	349.0	1999	11.0	1		9.328142	0	10.0	1.0	1.0	0.0	3.579	1983.045
"Slovenia"	349.0	2000	11.0	1		9.214866	0	10.0	1.0	1.0	0.0	6.94012500000008	1988.925
"Slovenia"	349.0	2001	11.0	1		9.238958	0	10.0	1.0	1.0	0.0	10.301249999999527	1992.06
"Slovenia"	349.0	2002	11.0	1		9.358752	0	10.0	1.0	1.0	0.0	13.662374999999884	1994.53
"Slovenia"	349.0	2003	11.0	1		9.58927	0	10.0	1.0	1.0	0.0	17.02350000000024	1995.733
"Slovenia"	349.0	2004	11.0	1		9.73768	6.3	10.0	1.0	1.0	0.0	20.384624999999687	1997.012
"Slovenia"	349.0	2005	11.0	1		9.790018	6.3	10.0	1.0	0.0	0.0	23.745750000000044	2000.474
"Slovenia"	349.0	2006	11.0	1		9.873334	6.3	10.0	1.0	0.0	0.0	27.10687499999949	2006.868
"Slovenia"	349.0	2007	10.0	1		10.062242	6.3	10.0	1.0	0.0	0.0	30.468	2018.122
"Slovenia"	349.0	2008	10.0	1		10.20415	5.4	10.0	1.0	0.0	0.0	43.766	2021.316
"Slovenia"	349.0	2009	10.0	1	-1.0	10.087934	5.4	10.0	1.0	1.0	0.0	24.078	2039.669
"Slovenia"	349.0	2010	10.0	1	-1.0	10.040741	5.4	10.0	1.0	1.0	0.0	11.225	2048.583
"Slovenia"	349.0	2011	10.0	1	-1.0	10.105541	1.8	10.0	1.0	1.0	0.0	17.972	2052.843
"Slovenia"	349.0	2012	10.0	1	-1.0	9.99882	1.8	10.0	1.0	0.0	0.0	17.3	2058.152
"Greece"	350.0	1996	5.4	1	0.0	9.464115	0	10.0	1.0	1.0	0.0		10709.173
"Greece"	350.0	1997	5.4	1	0.0	9.433089	0	10.0	1.0	1.0	0.0		10776.504
"Greece"	350.0	1998	5.4	1	0.0	9.432288	0	10.0	1.0	1.0	0.0	38.151	10834.88
"Greece"	350.0	1999	5.4	1	0.0	9.41235	0	10.0	1.0	1.0	0.0	42.03200000000015	10882.58
"Greece"	350.0	2000	5.4	1	0.0	9.341038	0	10.0	1.0	1.0	0.0	45.913000000000466	10917.482
"Greece"	350.0	2001	5.4	1	-1.0	9.380735	0	10.0	1.0	1.0	0.0	49.79399999999987	10949.957
"Greece"	350.0	2002	5.4	1	-1.0	9.494944	0	10.0	1.0	1.0	0.0	53.67500000000018	10987.543
"Greece"	350.0	2003	5.4	1	-1.0	9.769638	0	10.0	1.0	1.0	0.0	57.556000000000495	11023.514
"Greece"	350.0	2004	5.4	1	-1.0	9.933394	2.2	10.0	1.0	1.0	0.0	61.4369999999999	11061.701
"Greece"	350.0	2005	5.4	1	-1.0	9.981407	2.2	10.0	1.0	0.0	1.0	65.318	11103.965
"Greece"	350.0	2006	5.4	1	-1.0	10.063704	2.2	10.0	1.0	0.0	1.0	63.216	11148.46
"Greece"	350.0	2007	5.4	1	0.0	10.214214	3.8	10.0	1.0	0.0	1.0	46.333	11192.763
"Greece"	350.0	2008	5.4	1	0.0	10.322158	3.8	10.0	1.0	0.0	1.0	42.901	11237.094
"Greece"	350.0	2009	5.4	1	0.0	10.255971	5.6	10.0	1.0	0.0	1.0	46.534	11282.76
"Greece"	350.0	2010	5.4	1	0.0	10.160086	5.6	10.0	1.0	1.0	0.0	33.368	11307.502
"Greece"	350.0	2011	5.4	1	0.0	10.15155	5.6	10.0	1.0	1.0	0.0	23.206	11299.976
"Greece"	350.0	2012	5.4	1	0.0	10.002559	2.9	10.0	1.0	1.0	0.0	17.7	11280.167
"Bulgaria"	355.0	1996	7.7	1	0.0	6.9689217	0	8.0	0.0	0.0	0.0		8362.826
"Bulgaria"	355.0	1997	7.7	1	1.0	7.097965	0	8.0	0.0	0.0	1.0		8312.068
"Bulgaria"	355.0	1998	7.7	1	1.0	7.3663344	0	8.0	0.0	0.0	1.0		8256.786
"Bulgaria"	355.0	1999	7.7	1	1.0	7.3846903	0	8.0	0.0	0.0	1.0		8210.624
"Bulgaria"	355.0	2000	7.7	1	2.0	7.3647676	0	8.0	0.0	0.0	1.0		8170.172
"Bulgaria"	355.0	2001	7.7	1	3.0	7.455409	0	9.0	0.0	0.0	1.0		8020.282
"Bulgaria"	355.0	2002	7.7	1	4.0	7.6161795	0	9.0	1.0	0.0	0.0		7868.468
"Bulgaria"	355.0	2003	7.7	1	4.0	7.879211	0	9.0	1.0	0.0	0.0		7823.557
"Bulgaria"	355.0	2004	7.7	1	4.0	8.086191	0	9.0	1.0	0.0	0.0		7781.161
"Bulgaria"	355.0	2005	7.7	1	4.0	8.225038	8.1	9.0	1.0	0.0	0.0		7739.9
"Bulgaria"	355.0	2006	7.7	1	4.0	8.369489	8.1	9.0	1.0	0.0	0.0		7699.02
"Bulgaria"	355.0	2007	7.74	1	5.0	8.612146	8.1	9.0	1.0	0.0	0.0		7659.764
"Bulgaria"	355.0	2008	7.74	1	5.0	8.824404	8.1	9.0	1.0	0.0	0.0		7623.395
"Bulgaria"	355.0	2009	7.74	1	4.0	8.7645445	9.4	9.0	1.0	0.0	0.0		7585.131
"Bulgaria"	355.0	2010	7.74	1	4.0	8.753795	9.4	9.0	1.0	0.0	1.0		7534.289
"Bulgaria"	355.0	2011	7.74	1	4.0	8.893798	9.4	9.0	1.0	0.0	1.0		7348.328
"Bulgaria"	355.0	2012	7.74	1	4.0	8.851669	9.4	9.0	1.0	0.0	1.0		7304.632
"Romania"	360.0	1996	7.8	1	-1.0	7.3538013	0	8.0	1.0	0.0	0.0		22619.004
"Romania"	360.0	1997	7.8	1	-1.0	7.355327	0	8.0	1.0	0.0	1.0		22553.979
"Romania"	360.0	1998	7.8	1	-1.0	7.5343294	0	8.0	1.0	0.0	1.0		22507.344
"Romania"	360.0	1999	7.8	1	-1.0	7.367614	0	8.0	1.0	0.0	1.0		22472.04
"Romania"	360.0	2000	7.8	1	-1.0	7.409117	0	8.0	1.0	0.0	1.0		22442.973
"Romania"	360.0	2001	7.8	1	-1.0	7.50412	0	8.0	1.0	1.0	0.0		22131.97
"Romania"	360.0	2002	7.8	1	-1.0	7.6505213	0	8.0	1.0	1.0	0.0		21803.129
"Romania"	360.0	2003	7.8	1	-1.0	7.9146085	0	8.0	1.0	1.0	0.0		21742.012
"Romania"	360.0	2004	7.8	1	-1.0	8.155132	0	9.0	1.0	1.0	0.0		21684.89
"Romania"	360.0	2005	7.8	1	0.0	8.427716	0	9.0	1.0	0.0	0.0		21634.371
"Romania"	360.0	2006	7.8	1	0.0	8.644898	0	9.0	1.0	0.0	0.0		21587.666
"Romania"	360.0	2007	1.0	1	0.0	8.969093	0	9.0	1.0	0.0	0.0		21546.871
"Romania"	360.0	2008	1.0	1	0.0	9.158831	3.2	9.0	1.0	0.0	0.0		21513.621
"Romania"	360.0	2009	1.0	1	0.0	8.942587	3.2	9.0	1.0	0.0	0.0		21480.4
"Romania"	360.0	2010	1.0	1	0.0	8.947276	3.2	9.0	1.0	0.0	0.0		21438.0
"Romania"	360.0	2011	1.0	1	0.0	9.05243	3.2	9.0	1.0	0.0	0.0		21384.832
"Romania"	360.0	2012	1.0	1	0.0	8.980025	1.2	9.0	1.0	0.0	0.0		21326.904
"Russia"	365.0	1996	113.0	1		7.8828588	11.8	3.0	0.0	0.0	0.0		147739.02
"Russia"	365.0	1997	113.0	1		7.9189625	11.8	3.0	0.0	0.0	0.0		147304.0
"Russia"	365.0	1998	113.0	1		7.5199556	11.8	3.0	0.0	0.0	0.0		146899.02
"Russia"	365.0	1999	113.0	1		7.1996684	0	3.0	0.0	0.0	0.0		146308.98
"Russia"	365.0	2000	113.0	1		7.481635	0	6.0	0.0	0.0	0.0		146303.02
"Russia"	365.0	2001	113.0	1		7.650047	0	6.0	0.0	0.0	0.0		145949.58
"Russia"	365.0	2002	113.0	1		7.7728214	0	6.0	0.0	0.0	0.0	184.6	145299.7
"Russia"	365.0	2003	113.0	1		7.9983816	0	6.0	0.0	0.0	0.0	129.1	144599.44
"Russia"	365.0	2004	113.0	1		8.320831	0	6.0	0.0	0.0	0.0	119.2	143849.56
"Russia"	365.0	2005	113.0	1		8.582431	0	6.0	0.0	0.0	0.0	177.2	143150.0
"Russia"	365.0	2006	450.0	1		8.846048	0	6.0	0.0	0.0	0.0	186.4	142500.0
"Russia"	365.0	2007	450.0	1		9.121118	8.4	4.0	0.0	0.0	0.0	287	142100.0
"Russia"	365.0	2008	450.0	1		9.367363	8.4	4.0	0.0	0.0	0.0	281.6	141950.0
"Russia"	365.0	2009	450.0	1		9.0613365	8.4	4.0	0.0	0.0	0.0	279.9	141910.0
"Russia"	365.0	2010	450.0	1	2.0	9.278887	8.4	4.0	0.0	0.0	0.0	191.7	142388.98
"Russia"	365.0	2011	450.0	1	2.0	9.494319	12.4	4.0	0.0	0.0	0.0	356.5	142960.0
"Russia"	365.0	2012	450.0	1	2.0	9.549454	12.4	4.0	0.0	0.0	0.0	417.7	143532.98
"Estonia"	366.0	1996	9.2	1		8.113684	0	6.0	0.0	0.0	1.0		1415.594
"Estonia"	366.0	1997	9.2	1		8.191415	0	6.0	0.0	0.0	1.0		1399.535
"Estonia"	366.0	1998	9.2	1		8.302901	0	6.0	0.0	0.0	1.0		1386.156
"Estonia"	366.0	1999	9.2	1		8.330872	0	7.0	0.0	0.0	1.0		1375.654
"Estonia"	366.0	2000	9.2	1		8.3294	0	9.0	0.0	0.0	1.0		1369.515
"Estonia"	366.0	2001	9.2	1		8.427905	0	9.0	0.0	0.0	1.0		1364.101
"Estonia"	366.0	2002	9.2	1		8.591631	0	9.0	0.0	0.0	0.0		1358.644
"Estonia"	366.0	2003	9.2	1		8.89155	0	9.0	0.0	0.0	0.0		1353.557
"Estonia"	366.0	2004	9.2	1		9.095243	0	9.0	0.0	0.0	0.0	0.759	1349.29
"Estonia"	366.0	2005	9.2	1		9.242835	0	9.0	0.0	0.0	0.0	0.981	1346.097
"Estonia"	366.0	2006	9.2	1		9.433731	0	9.0	0.0	0.0	0.0	1.488	1343.547
"Estonia"	366.0	2007	9.2	1		9.704593	0	9.0	0.0	0.0	0.0	1.952	1341.672
"Estonia"	366.0	2008	9.2	1		9.783492	0	9.0	0.0	0.0	0.0	1.929	1340.675
"Estonia"	366.0	2009	9.2	1		9.565494	0	9.0	0.0	0.0	0.0	2.229	1340.271
"Estonia"	366.0	2010	9.2	1	1.0	9.551248	0	9.0	0.0	0.0	0.0	1.199	1340.161
"Estonia"	366.0	2011	9.2	1	1.0	9.713187	0	9.0	0.0	0.0	0.0	1.675	1339.928
"Estonia"	366.0	2012	9.2	1	1.0	9.699929	0	9.0	0.0	0.0	0.0	1.1	1339.396
"Finland"	375.0	1996	14.2	1	0.0	10.128144	0	10.0	1.0	1.0	0.0	7.539	5124.573
"Finland"	375.0	1997	14.2	1	0.0	10.082813	0	10.0	1.0	1.0	0.0	8.147	5139.835
"Finland"	375.0	1998	14.2	1	0.0	10.133789	0	10.0	1.0	1.0	0.0	8.34	5153.498
"Finland"	375.0	1999	13.33	1	0.0	10.135773	0	10.0	1.0	1.0	0.0	7.937	5165.474
"Finland"	375.0	2000	13.33	1	1.0	10.066011	0	10.0	1.0	1.0	0.0	9.11	5176.209
"Finland"	375.0	2001	13.33	1	2.0	10.086855	0	10.0	1.0	1.0	0.0	11.037	5188.008
"Finland"	375.0	2002	13.33	1	2.0	10.165615	0	10.0	1.0	1.0	0.0	9.972	5200.598
"Finland"	375.0	2003	13.33	1	2.0	10.358025	0	10.0	1.0	0.0	0.0	9.432	5213.014
"Finland"	375.0	2004	13.33	1	3.0	10.495782	0	10.0	1.0	0.0	0.0	11.511	5228.172
"Finland"	375.0	2005	13.33	1	3.0	10.527252	0	10.0	1.0	0.0	0.0	12.744	5246.096
"Finland"	375.0	2006	13.33	1	4.0	10.583728	0	10.0	1.0	0.0	0.0	13.868	5266.268
"Finland"	375.0	2007	13.33	1	4.0	10.748028	0	10.0	1.0	0.0	0.0	17.504	5288.72
"Finland"	375.0	2008	13.33	1	4.0	10.843231	0	10.0	1.0	0.0	0.0	19.906	5313.399
"Finland"	375.0	2009	13.33	1	4.0	10.710805	0	10.0	1.0	0.0	0.0	18.087	5338.871
"Finland"	375.0	2010	13.33	1	4.0	10.6888485	0	10.0	1.0	0.0	0.0	18.212	5363.352
"Finland"	375.0	2011	13.33	1	4.0	10.796366	0	10.0	1.0	0.0	0.0	20.416	5388.272
"Finland"	375.0	2012	13.33	1	5.0	10.740272	0	10.0	1.0	0.0	1.0	23.3	5414.293
"Sweden"	380.0	1996	13.9	1	-1.0	10.350408	1.2	10.0	1.0	1.0	0.0	29.318	8840.998
"Sweden"	380.0	1997	13.9	1	-1.0	10.261875	1.2	10.0	1.0	1.0	0.0	33.443	8846.062
"Sweden"	380.0	1998	11.6	1	-1.0	10.2674055	0	10.0	1.0	1.0	0.0	35.701	8850.974
"Sweden"	380.0	1999	11.6	1	-1.0	10.282557	0	10.0	1.0	1.0	0.0	34.573	8857.874
"Sweden"	380.0	2000	11.6	1	-1.0	10.235284	0	10.0	1.0	1.0	0.0	42.216	8872.109
"Sweden"	380.0	2001	11.6	1	-1.0	10.14869	0	10.0	1.0	1.0	0.0	43.833	8895.96
"Sweden"	380.0	2002	11.6	1	0.0	10.2442	0	10.0	1.0	1.0	0.0	47.315	8924.958
"Sweden"	380.0	2003	11.6	1	0.0	10.4668455	0	10.0	1.0	1.0	0.0	47.14	8958.229
"Sweden"	380.0	2004	11.6	1	0.0	10.603142	0	10.0	1.0	1.0	0.0	46.746	8993.531
"Sweden"	380.0	2005	11.6	1	0.0	10.622318	0	10.0	1.0	1.0	0.0	50.606	9029.572
"Sweden"	380.0	2006	11.6	1	0.0	10.690777	0	10.0	1.0	1.0	0.0	78.896	9080.505
"Sweden"	380.0	2007	11.6	1	1.0	10.830884	0	10.0	1.0	0.0	1.0	82.623	9148.092
"Sweden"	380.0	2008	11.6	1	2.0	10.872954	0	10.0	1.0	0.0	1.0	81.954	9219.637
"Sweden"	380.0	2009	11.6	1	2.0	10.683719	0	10.0	1.0	0.0	1.0	82.384	9298.515
"Sweden"	380.0	2010	11.6	1	2.0	10.806893	0	10.0	1.0	0.0	1.0	79.036	9378.126
"Sweden"	380.0	2011	11.6	1	2.0	10.952055	0	10.0	1.0	0.0	1.0	75.852	9449.213
"Sweden"	380.0	2012	11.6	1	2.0	10.919527	0	10.0	1.0	0.0	1.0	82.6	9516.617
"Norway"	385.0	1996	10.0	1	0.0	10.506564	6.3	10.0	1.0	1.0	0.0	17.196	4381.336
"Norway"	385.0	1997	10.0	1	0.0	10.488985	15.3	10.0	1.0	1.0	0.0	22.026	4405.157
"Norway"	385.0	1998	10.0	1	0.0	10.437226	15.3	10.0	1.0	0.0	1.0	26.747	4431.464
"Norway"	385.0	1999	10.0	1	1.0	10.481367	15.3	10.0	1.0	0.0	1.0	32.23	4461.913
"Norway"	385.0	2000	10.0	1	2.0	10.531367	15.3	10.0	1.0	0.0	1.0	27.785	4490.967
"Norway"	385.0	2001	10.0	1	2.0	10.541839	14.6	10.0	1.0	0.0	1.0	25.412	4513.751
"Norway"	385.0	2002	10.0	1	4.0	10.652349	14.6	10.0	1.0	0.0	1.0	30.788	4538.159
"Norway"	385.0	2003	10.0	1	4.0	10.804939	14.6	10.0	1.0	0.0	1.0	26.787	4564.855
"Norway"	385.0	2004	10.0	1	4.0	10.944253	14.6	10.0	1.0	0.0	1.0	27.864	4591.91
"Norway"	385.0	2005	10.0	1	4.0	11.093874	22.1	10.0	1.0	0.0	1.0	31.355	4623.291
"Norway"	385.0	2006	10.0	1	4.0	11.197663	22.1	10.0	1.0	1.0	0.0	37.425	4660.677
"Norway"	385.0	2007	8.9	1	5.0	11.333276	22.1	10.0	1.0	1.0	0.0	53.498	4709.153
"Norway"	385.0	2008	8.9	1	6.0	11.463629	22.1	10.0	1.0	1.0	0.0	58.82	4768.212
"Norway"	385.0	2009	8.9	1	6.0	11.270311	22.9	10.0	1.0	1.0	0.0	56.682	4828.726
"Norway"	385.0	2010	8.9	1	7.0	11.36391	22.9	10.0	1.0	1.0	0.0	65.065	4889.252
"Norway"	385.0	2011	8.9	1	7.0	11.50432	22.9	10.0	1.0	1.0	0.0	70.759	4953.088
"Norway"	385.0	2012	8.9	1	7.0	11.508493	22.9	10.0	1.0	1.0	0.0	70	5018.869
"Denmark"	390.0	1996	10.5	1	0.0	10.464341	6.4	10.0	1.0	1.0	0.0	24.747	5263.074
"Denmark"	390.0	1997	10.5	1	0.0	10.381241	6.4	10.0	1.0	1.0	0.0	20.425	5284.991
"Denmark"	390.0	1998	10.5	1	0.0	10.396313	9.8	10.0	1.0	1.0	0.0	21.176	5304.219
"Denmark"	390.0	1999	10.5	1	0.0	10.394681	9.8	10.0	1.0	1.0	0.0	20.265	5321.799
"Denmark"	390.0	2000	10.5	1	0.0	10.308291	9.8	10.0	1.0	1.0	0.0	22.766	5339.616
"Denmark"	390.0	2001	10.5	1	0.0	10.307164	12.6	10.0	1.0	1.0	0.0	24.642	5358.783
"Denmark"	390.0	2002	10.5	1	1.0	10.384193	12.6	10.0	1.0	0.0	1.0	21.485	5375.931
"Denmark"	390.0	2003	10.5	1	1.0	10.582619	12.6	10.0	1.0	0.0	1.0	18.385	5390.574
"Denmark"	390.0	2004	10.5	1	1.0	10.720666	12.6	10.0	1.0	0.0	1.0	18.706	5404.523
"Denmark"	390.0	2005	10.5	1	1.0	10.769465	13.3	10.0	1.0	0.0	1.0	20.146	5419.432
"Denmark"	390.0	2006	10.5	1	1.0	10.82898	13.3	10.0	1.0	0.0	1.0	23.979	5437.272
"Denmark"	390.0	2007	10.5	1	2.0	10.951178	13.9	10.0	1.0	0.0	1.0	31.43	5461.438
"Denmark"	390.0	2008	10.5	1	2.0	11.044464	13.9	10.0	1.0	0.0	1.0	37.018	5493.621
"Denmark"	390.0	2009	10.5	1	2.0	10.937145	13.9	10.0	1.0	0.0	1.0	31.957	5523.095
"Denmark"	390.0	2010	10.5	1	1.0	10.941746	13.9	10.0	1.0	0.0	1.0	33.442	5547.683
"Denmark"	390.0	2011	10.5	1	1.0	11.000248	12.3	10.0	1.0	0.0	1.0	34.572	5570.572
"Denmark"	390.0	2012	10.5	1	1.0	10.936854	12.3	10.0	1.0	1.0	0.0	35.5	5590.478
"Turkey"	640.0	1996	7.0	1		8.023867	0	8.0	1.0	0.0	1.0	101.511	59442.504
"Turkey"	640.0	1997	7.0	1		8.053376	0	7.0	1.0	0.0	1.0	128.48	60372.41
"Turkey"	640.0	1998	7.0	1		8.38762	0	7.0	1.0	0.0	1.0	142.984	61308.203
"Turkey"	640.0	1999	7.0	1		8.297163	0	7.0	1.0	0.0	1.0	133.56075000000055	62243.78
"Turkey"	640.0	2000	7.0	1	0.0	8.347483	0	7.0	1.0	1.0	0.0	124.13750000000073	63174.484
"Turkey"	640.0	2001	7.0	1	-1.0	8.025448	0	7.0	1.0	1.0	0.0	114.7142500000009	64100.297
"Turkey"	640.0	2002	7.0	1	-1.0	8.182064	0	7.0	1.0	1.0	0.0	105.29100000000108	65022.3
"Turkey"	640.0	2003	7.0	1	-1.0	8.432787	0	7.0	1.0	0.0	0.0	95.86775000000125	65938.266
"Turkey"	640.0	2004	7.0	1	-1.0	8.677055	0	7.0	1.0	0.0	0.0	86.44450000000143	66845.63
"Turkey"	640.0	2005	7.0	1	-1.0	8.872008	0	7.0	1.0	0.0	0.0	77.0212500000016	67743.055
"Turkey"	640.0	2006	7.0	1	-1.0	8.953652	0	7.0	1.0	0.0	0.0	67.59800000000178	68626.336
"Turkey"	640.0	2007	7.0	1	-1.0	9.139065	0	7.0	1.0	0.0	0.0	58.17475000000195	69496.516
"Turkey"	640.0	2008	7.0	1	-1.0	9.247587	0	7.0	1.0	0.0	0.0	48.751500000002125	70363.516
"Turkey"	640.0	2009	7.0	1	-1.0	9.062582	0	7.0	1.0	0.0	0.0	39.3282500000023	71241.08
"Turkey"	640.0	2010	7.0	1	-1.0	9.223791	0	7.0	1.0	0.0	0.0	29.905	72137.55
"Turkey"	640.0	2011	7.0	1	-1.0	9.269066	0	9.0	1.0	0.0	0.0		73058.64
"Turkey"	640.0	2012	7.0	1	-1.0	9.274821	0	9.0	1.0	0.0	0.0		73997.125
"Israel"	666.0	1996	120.0	1		9.8236065	7.9	9.0	1.0	1.0	0.0		5692.0
"Israel"	666.0	1997	120.0	1		9.830204	7.9	9.0	0.0	0.0	1.0		5836.0
"Israel"	666.0	1998	120.0	1		9.819679	7.9	9.0	0.0	0.0	1.0	56.722	5971.0
"Israel"	666.0	1999	120.0	1		9.803058	4.2	10.0	0.0	0.0	1.0	76.996	6125.0
"Israel"	666.0	2000	120.0	1		9.896428	4.2	10.0	0.0	0.0	1.0	60.201	6289.0
"Israel"	666.0	2001	120.0	1		9.857082	4.2	10.0	0.0	0.0	1.0	43.473	6439.0
"Israel"	666.0	2002	120.0	1		9.752402	4.2	10.0	1.0	0.0	1.0	33.57	6570.0
"Israel"	666.0	2003	120.0	1		9.783561	4.2	10.0	1.0	0.0	1.0	23.273	6689.7
"Israel"	666.0	2004	120.0	1		9.830315	4.2	10.0	1.0	0.0	1.0	20.899	6809.0
"Israel"	666.0	2005	120.0	1		9.869414	4.2	10.0	1.0	0.0	1.0	21.183	6930.1
"Israel"	666.0	2006	120.0	1		9.934238	0	10.0	1.0	0.0	1.0	19.269	7053.7
"Israel"	666.0	2007	120.0	1		10.055105	0	10.0	1.0	0.0	1.0	18.131	7180.1
"Israel"	666.0	2008	120.0	1		10.225267	0	10.0	1.0	0.0	1.0	13.701	7308.8
"Israel"	666.0	2009	120.0	1	-1.0	10.1670885	3.3	10.0	1.0	0.0	1.0	14.574	7485.6
"Israel"	666.0	2010	120.0	1	-1.0	10.32184	3.3	10.0	1.0	0.0	1.0	16.633	7623.6
"Israel"	666.0	2011	120.0	1	-1.0	10.411813	3.3	10.0	1.0	0.0	1.0	16.892	7765.9
"Israel"	666.0	2012	120.0	1	-1.0	10.411813	3.3	10.0	1.0	0.0	1.0	16.6	7907.9
"Korea"	732.0	1996	8.6	1	0.0	9.413214	0	6.0	0.0	0.0	0.0		45525.0
"Korea"	732.0	1997	8.6	1	2.0	9.32677	0	6.0	0.0	0.0	0.0		45954.0
"Korea"	732.0	1998	8.6	1	2.0	8.917691	0	8.0	0.0	0.0	0.0		46287.0
"Korea"	732.0	1999	8.6	1	2.0	9.164762	0	8.0	0.0	0.0	0.0		46617.0
"Korea"	732.0	2000	8.6	1	4.0	9.336679	0	8.0	0.0	0.0	0.0	173.071	47008.0
"Korea"	732.0	2001	8.6	1	4.0	9.273779	0	8.0	0.0	0.0	0.0	163.898	47357.0
"Korea"	732.0	2002	8.6	1	5.0	9.400445	0	8.0	0.0	0.0	0.0	158.941	47622.0
"Korea"	732.0	2003	8.6	1	5.0	9.506825	0	8.0	0.0	0.0	0.0	168.875	47859.0
"Korea"	732.0	2004	8.6	1	6.0	9.617733	0	8.0	0.0	0.0	0.0	178.53	48039.0
"Korea"	732.0	2005	8.6	1	6.0	9.772858	0	8.0	0.0	0.0	0.0	253.729	48138.0
"Korea"	732.0	2006	8.6	1	6.0	9.887161	0	8.0	0.0	0.0	0.0	302.963	48372.0
"Korea"	732.0	2007	1.2	1	6.0	9.97999	0	8.0	0.0	0.0	0.0	300.36	48598.0
"Korea"	732.0	2008	1.2	1	6.0	9.853667	0	8.0	0.0	0.0	1.0	302.174	48949.0
"Korea"	732.0	2009	1.2	1	6.0	9.738533	0	8.0	0.0	0.0	1.0	232.844	49182.0
"Korea"	732.0	2010	1.2	1	7.0	9.930139	0	8.0	0.0	0.0	1.0	293.07	49410.0
"Korea"	732.0	2011	1.2	1	7.0	10.016298	0	8.0	0.0	0.0	1.0	307.249	49779.0
"Korea"	732.0	2012	1.2	1	7.0	10.0252695	0	8.0	0.0	0.0	1.0	300.2	50004.0
"Japan"	740.0	1996	7.9	1	0.0	10.530005	0	10.0	1.0	1.0	0.0	225.384	125761.0
"Japan"	740.0	1997	7.9	1	1.0	10.442752	0	10.0	1.0	0.0	1.0	274.81	126091.0
"Japan"	740.0	1998	7.9	1	1.0	10.340687	0	10.0	1.0	0.0	1.0	265.455	126410.0
"Japan"	740.0	1999	7.9	1	2.0	10.463069	0	10.0	1.0	0.0	1.0	281.889	126650.0
"Japan"	740.0	2000	7.9	1	2.0	10.526526	0	10.0	1.0	0.0	1.0	345.779	126870.0
"Japan"	740.0	2001	1.54	1	3.0	10.395633	0	10.0	1.0	0.0	1.0	351.187	127149.0
"Japan"	740.0	2002	1.54	1	3.0	10.349314	0	10.0	1.0	0.0	1.0	343.811	127445.0
"Japan"	740.0	2003	1.54	1	3.0	10.424984	0	10.0	1.0	0.0	1.0	373.918	127718.0
"Japan"	740.0	2004	1.54	1	3.0	10.503464	0	10.0	1.0	0.0	1.0	371.983	127761.0
"Japan"	740.0	2005	1.54	1	5.0	10.485179	0	10.0	1.0	0.0	1.0	372.329	127773.0
"Japan"	740.0	2006	1.54	1	5.0	10.437118	0	10.0	1.0	0.0	1.0	325.621	127756.0
"Japan"	740.0	2007	1.54	1	4.0	10.436903	0	10.0	1.0	0.0	1.0	336.646	127770.75
"Japan"	740.0	2008	1.54	1	4.0	10.544611	0	10.0	1.0	0.0	1.0	344.509	127704.04
"Japan"	740.0	2009	1.54	1	4.0	10.583382	0	10.0	1.0	0.0	1.0	297.092	127557.96
"Japan"	740.0	2010	1.54	1	5.0	10.671691	0	10.0	1.0	0.0	0.0	287.071	127450.45
"Japan"	740.0	2011	1.54	1	5.0	10.739318	0	10.0	1.0	0.0	0.0	266.867	127817.28
"Japan"	740.0	2012	1.54	1	5.0	10.751935	0	10.0	1.0	0.0	0.0	303.9	127561.484
"Australia"	900.0	1996	0.9	1	0.0	9.996458	0	10.0	1.0	1.0	0.0	115.674	18311.0
"Australia"	900.0	1997	0.9	1	0.0	10.066459	0	10.0	1.0	0.0	1.0	104.551	18517.0
"Australia"	900.0	1998	0.9	1	1.0	9.969472	8.4	10.0	1.0	0.0	1.0	90.855	18711.0
"Australia"	900.0	1999	0.9	1	1.0	9.932018	8.4	10.0	1.0	0.0	1.0	98.251	18926.0
"Australia"	900.0	2000	0.9	1	1.0	9.985437	8.4	10.0	1.0	0.0	1.0	107.148	19153.0
"Australia"	900.0	2001	0.9	1	2.0	9.880292	4.3	10.0	1.0	0.0	1.0	127.877	19413.0
"Australia"	900.0	2002	0.9	1	2.0	9.9085245	4.3	10.0	1.0	0.0	1.0	119.08	19651.4
"Australia"	900.0	2003	0.9	1	2.0	10.0624695	4.3	10.0	1.0	0.0	1.0	123.411	19895.4
"Australia"	900.0	2004	0.9	1	2.0	10.321574	1.2	10.0	1.0	0.0	1.0	146.441	20127.4
"Australia"	900.0	2005	0.9	1	4.0	10.432572	1.2	10.0	1.0	0.0	1.0	161.734	20394.8
"Australia"	900.0	2006	0.9	1	5.0	10.491053	1.2	10.0	1.0	0.0	1.0	176.205	20697.9
"Australia"	900.0	2007	0.9	1	5.0	10.60832	0.3	10.0	1.0	0.0	1.0	189.49	21015.9
"Australia"	900.0	2008	0.9	1	5.0	10.803784	0.3	10.0	1.0	1.0	0.0	203.874	21384.4
"Australia"	900.0	2009	0.9	1	4.0	10.654988	0.3	10.0	1.0	1.0	0.0	222.572	21778.8
"Australia"	900.0	2010	0.9	1	3.0	10.851007	0	10.0	1.0	1.0	0.0	206.714	22065.3
"Australia"	900.0	2011	0.9	1	3.0	11.034936	0	10.0	1.0	1.0	0.0	210.704	22323.9
"Australia"	900.0	2012	0.9	1	3.0	11.112979	0	10.0	1.0	1.0	0.0	242.376	22683.6
"New Zealand"	920.0	1996	25.8	1		9.823233	13.4	10.0	1.0	0.0	1.0	42.709	3732.0
"New Zealand"	920.0	1997	25.8	1		9.75105	13.4	10.0	1.0	0.0	1.0	32.899	3781.3
"New Zealand"	920.0	1998	25.8	1		9.57993	13.4	10.0	1.0	0.0	1.0	27.376	3815.0
"New Zealand"	920.0	1999	24.0	1		9.619	4.3	10.0	1.0	0.0	1.0	31.01	3835.1
"New Zealand"	920.0	2000	24.0	1	0.0	9.501474	4.3	10.0	1.0	1.0	0.0	37.457	3857.7
"New Zealand"	920.0	2001	24.0	1	-1.0	9.519926	4.3	10.0	1.0	1.0	0.0	54.052	3880.5
"New Zealand"	920.0	2002	24.0	1	-1.0	9.71613	10.4	10.0	1.0	1.0	0.0	48.817	3948.5
"New Zealand"	920.0	2003	24.0	1	-1.0	9.977727	10.4	10.0	1.0	1.0	0.0	43.422	4027.2
"New Zealand"	920.0	2004	24.0	1	-1.0	10.127126	10.4	10.0	1.0	1.0	0.0	36.155	4087.5
"New Zealand"	920.0	2005	24.0	1	-1.0	10.216759	5.7	10.0	1.0	1.0	0.0	54.124	4133.9
"New Zealand"	920.0	2006	24.0	1	-1.0	10.17075	5.7	10.0	1.0	1.0	0.0	49.846	4184.6
"New Zealand"	920.0	2007	21.42	1	0.0	10.370228	5.7	10.0	1.0	1.0	0.0	46.85	4223.8
"New Zealand"	920.0	2008	21.42	1	0.0	10.323934	4.1	10.0	1.0	1.0	0.0	46.886	4259.8
"New Zealand"	920.0	2009	21.42	1	1.0	10.203208	4.1	10.0	1.0	0.0	1.0	43.575	4302.6
"New Zealand"	920.0	2010	21.42	1	1.0	10.373477	4.1	10.0	1.0	0.0	1.0	44.345	4350.7
"New Zealand"	920.0	2011	21.42	1	1.0	10.493503	6.6	10.0	1.0	0.0	1.0	40.796	4384.0
"New Zealand"	920.0	2012	21.42	1	1.0	10.538726	6.6	10.0	1.0	0.0	1.0	39.1	4408.1
